-1442.0 -1700.0 167.0
-1487.0 -1662.0 140.0
-1415.0 -1685.0 247.0
-1372.0 -1615.0 247.0
-1297.0 -1532.0 230.0
-1280.0 -1490.0 225.0
-1252.0 -1490.0 242.0
-1312.0 -1427.0 242.0
-1290.0 -1407.0 277.0
-1330.0 -1370.0 235.0
-1297.0 -1375.0 267.0
-1280.0 -1390.0 252.0
-1257.0 -1390.0 242.0
-1242.0 -1390.0 235.0
-1270.0 -1422.0 220.0
-1265.0 -1417.0 242.0
-1242.0 -1432.0 205.0
-1275.0 -1412.0 167.0
-1265.0 -1417.0 215.0
-1312.0 -1480.0 182.0
-1345.0 -1447.0 140.0
-1297.0 -1455.0 200.0
-1317.0 -1455.0 200.0
-1307.0 -1427.0 162.0
-1302.0 -1455.0 177.0
-1335.0 -1437.0 157.0
-1317.0 -1370.0 167.0
-1275.0 -1385.0 130.0
-1247.0 -1422.0 140.0
-1377.0 -1432.0 135.0
-1302.0 -1390.0 130.0
-1345.0 -1480.0 135.0
-1297.0 -1480.0 140.0
-1330.0 -1480.0 182.0
-1297.0 -1370.0 172.0
-1345.0 -1375.0 210.0
-1362.0 -1402.0 177.0
-1317.0 -1375.0 177.0
-1317.0 -1412.0 177.0
-1312.0 -1380.0 187.0
-1322.0 -1375.0 187.0
-1345.0 -1360.0 182.0
-1265.0 -1340.0 177.0
-1302.0 -1365.0 215.0
-1317.0 -1385.0 187.0
-1297.0 -1340.0 235.0
-1335.0 -1355.0 225.0
-1345.0 -1350.0 167.0
-1312.0 -1370.0 210.0
-1322.0 -1370.0 200.0
-1317.0 -2240.0 252.0
-1335.0 -2235.0 267.0
-1297.0 -2192.0 242.0
-1335.0 -2135.0 230.0
-1400.0 -2015.0 167.0
-1350.0 -1977.0 172.0
-1367.0 -1997.0 225.0
-1415.0 -2015.0 282.0
-1415.0 -1925.0 262.0
-1432.0 -1910.0 230.0
-1475.0 -1847.0 220.0
-1447.0 -1900.0 215.0
-1427.0 -1825.0 200.0
-1410.0 -1772.0 177.0
-1447.0 -1810.0 115.0
-1427.0 -1877.0 100.0
-1355.0 -1977.0 25.0
-1355.0 -1987.0 92.0
-1265.0 -1945.0 30.0
-1290.0 -1962.0 57.0
-1297.0 -1987.0 57.0
-1322.0 -2010.0 40.0
-1350.0 -2055.0 77.0
-1317.0 -1992.0 82.0
-1317.0 -1987.0 52.0
-1340.0 -2015.0 77.0
-1312.0 -2030.0 77.0
-1297.0 -1950.0 100.0
-1345.0 -2030.0 57.0
-1317.0 -2035.0 67.0
-1312.0 -2010.0 52.0
-1335.0 -1967.0 35.0
-1345.0 -2015.0 57.0
-1322.0 -1982.0 105.0
-1345.0 -1967.0 120.0
-1355.0 -2020.0 87.0
-1395.0 -1972.0 105.0
-1307.0 -1992.0 77.0
-1350.0 -2020.0 115.0
-1340.0 -2010.0 30.0
-1312.0 -1992.0 77.0
-1340.0 -1950.0 62.0
-1322.0 -1987.0 77.0
-1307.0 -2040.0 45.0
-1280.0 -1987.0 52.0
-1372.0 -2025.0 40.0
-1340.0 -1977.0 77.0
-1290.0 -1945.0 105.0
-1377.0 -2025.0 57.0
-1322.0 -1987.0 62.0
-1047.0 -2810.0 1042.0
-1122.0 -2720.0 970.0
-1117.0 -2695.0 900.0
-1062.0 -2720.0 922.0
-1052.0 -2725.0 822.0
-1067.0 -2685.0 837.0
-1057.0 -2700.0 815.0
-1042.0 -2747.0 862.0
-1052.0 -2762.0 842.0
-1075.0 -2762.0 827.0
-1007.0 -2725.0 852.0
-1025.0 -2715.0 837.0
-1002.0 -2700.0 805.0
-1002.0 -2725.0 890.0
-1020.0 -2752.0 805.0
-1007.0 -2715.0 832.0
-1057.0 -2737.0 795.0
-1062.0 -2757.0 837.0
-1030.0 -2757.0 832.0
-1025.0 -2752.0 767.0
-1025.0 -2747.0 775.0
-1042.0 -2747.0 780.0
-1002.0 -2730.0 805.0
-1030.0 -2762.0 822.0
-1042.0 -2742.0 790.0
-997.0 -2715.0 762.0
-1030.0 -2737.0 837.0
-1015.0 -2777.0 815.0
-1062.0 -2762.0 847.0
-1015.0 -2752.0 790.0
-1057.0 -2752.0 790.0
-1062.0 -2737.0 775.0
-1042.0 -2762.0 767.0
-1007.0 -2752.0 790.0
-1020.0 -2742.0 780.0
-1025.0 -2782.0 837.0
-1020.0 -2777.0 790.0
-1075.0 -2715.0 805.0
-1057.0 -2767.0 790.0
-1025.0 -2752.0 810.0
-1095.0 -2725.0 800.0
-1057.0 -2705.0 810.0
-1030.0 -2705.0 805.0
-1057.0 -2747.0 815.0
-1075.0 -2730.0 762.0
-1100.0 -2667.0 767.0
-1112.0 -2725.0 815.0
-1052.0 -2685.0 785.0
-1112.0 -2667.0 732.0
-1015.0 -2667.0 742.0
-780.0 -2977.0 767.0
-775.0 -2992.0 757.0
-807.0 -2982.0 767.0
-770.0 -3020.0 747.0
-792.0 -2992.0 720.0
-830.0 -2972.0 737.0
-752.0 -3035.0 785.0
-775.0 -3015.0 732.0
-765.0 -2977.0 710.0
-830.0 -3020.0 747.0
-817.0 -3002.0 720.0
-775.0 -3020.0 732.0
-830.0 -2992.0 762.0
-780.0 -3002.0 747.0
-775.0 -2992.0 752.0
-770.0 -3050.0 775.0
-802.0 -3015.0 727.0
-807.0 -3020.0 742.0
-775.0 -3030.0 747.0
-770.0 -3035.0 720.0
-780.0 -3030.0 757.0
-742.0 -2962.0 727.0
-760.0 -2997.0 737.0
-807.0 -2977.0 742.0
-792.0 -2992.0 727.0
-765.0 -3035.0 747.0
-802.0 -3020.0 752.0
-797.0 -3030.0 800.0
-780.0 -2987.0 762.0
-760.0 -3030.0 752.0
-780.0 -3020.0 737.0
-802.0 -3002.0 757.0
-802.0 -3025.0 732.0
-770.0 -2972.0 737.0
-737.0 -3020.0 685.0
-770.0 -2955.0 690.0
-770.0 -2955.0 762.0
-760.0 -3045.0 742.0
-792.0 -2977.0 762.0
-785.0 -2962.0 767.0
-775.0 -3002.0 752.0
-737.0 -3020.0 767.0
-752.0 -3030.0 737.0
-775.0 -2982.0 747.0
-765.0 -2977.0 767.0
-727.0 -3025.0 795.0
-765.0 -3040.0 752.0
-780.0 -2967.0 752.0
-742.0 -3060.0 762.0
-812.0 -3035.0 757.0
-515.0 -3182.0 862.0
-477.0 -3217.0 847.0
-552.0 -3187.0 880.0
-482.0 -3182.0 857.0
-520.0 -3197.0 900.0
-437.0 -3170.0 870.0
-445.0 -3140.0 837.0
-497.0 -3150.0 905.0
-502.0 -3135.0 905.0
-542.0 -3165.0 870.0
-502.0 -3140.0 847.0
-497.0 -3192.0 880.0
-525.0 -3192.0 847.0
-502.0 -3165.0 927.0
-502.0 -3187.0 862.0
-470.0 -3122.0 910.0
-450.0 -3135.0 890.0
-525.0 -3170.0 885.0
-477.0 -3182.0 857.0
-525.0 -3160.0 927.0
-530.0 -3187.0 890.0
-525.0 -3175.0 885.0
-470.0 -3222.0 870.0
-445.0 -3175.0 870.0
-525.0 -3197.0 905.0
-460.0 -3140.0 885.0
-477.0 -3187.0 900.0
-497.0 -3187.0 885.0
-470.0 -3240.0 932.0
-487.0 -3222.0 917.0
-502.0 -3155.0 947.0
-525.0 -3197.0 942.0
-432.0 -3170.0 847.0
-497.0 -3187.0 885.0
-520.0 -3175.0 885.0
-510.0 -3170.0 885.0
-520.0 -3155.0 932.0
-497.0 -3197.0 890.0
-510.0 -3160.0 870.0
-537.0 -3160.0 947.0
-497.0 -3150.0 937.0
-530.0 -3135.0 942.0
-470.0 -3135.0 942.0
-455.0 -3165.0 910.0
-497.0 -3192.0 905.0
-530.0 -3170.0 957.0
-530.0 -3192.0 885.0
-492.0 -3175.0 900.0
-492.0 -3160.0 852.0
-530.0 -3202.0 832.0
0.0 -3350.0 1132.0
90.0 -3365.0 1190.0
140.0 -3360.0 1137.0
135.0 -3350.0 1190.0
150.0 -3337.0 1180.0
70.0 -3380.0 1222.0
135.0 -3360.0 1170.0
227.0 -3380.0 1175.0
195.0 -3395.0 1185.0
215.0 -3407.0 1227.0
177.0 -3360.0 1190.0
195.0 -3355.0 1165.0
215.0 -3370.0 1242.0
190.0 -3322.0 1222.0
177.0 -3365.0 1270.0
190.0 -3350.0 1222.0
265.0 -3350.0 1212.0
270.0 -3375.0 1222.0
222.0 -3322.0 1232.0
210.0 -3390.0 1195.0
247.0 -3360.0 1227.0
227.0 -3337.0 1232.0
265.0 -3290.0 1280.0
270.0 -3360.0 1200.0
287.0 -3322.0 1232.0
270.0 -3317.0 1222.0
215.0 -3355.0 1217.0
222.0 -3407.0 1207.0
270.0 -3400.0 1260.0
255.0 -3322.0 1247.0
260.0 -3327.0 1232.0
242.0 -3385.0 1232.0
270.0 -3332.0 1190.0
260.0 -3380.0 1222.0
260.0 -3370.0 1260.0
265.0 -3350.0 1270.0
292.0 -3317.0 1255.0
237.0 -3365.0 1260.0
210.0 -3337.0 1222.0
247.0 -3360.0 1212.0
275.0 -3360.0 1232.0
275.0 -3332.0 1242.0
255.0 -3337.0 1227.0
260.0 -3322.0 1247.0
265.0 -3337.0 1217.0
237.0 -3370.0 1200.0
307.0 -3355.0 1200.0
265.0 -3390.0 1212.0
97.0 -3297.0 1232.0
112.0 -3255.0 1247.0
595.0 -3232.0 1355.0
710.0 -3197.0 1402.0
622.0 -3240.0 1427.0
640.0 -3232.0 1360.0
640.0 -3212.0 1385.0
667.0 -3202.0 1390.0
622.0 -3217.0 1380.0
655.0 -3227.0 1432.0
640.0 -3192.0 1417.0
627.0 -3212.0 1407.0
635.0 -3217.0 1375.0
635.0 -3212.0 1380.0
617.0 -3255.0 1437.0
617.0 -3212.0 1370.0
617.0 -3217.0 1385.0
602.0 -3187.0 1390.0
612.0 -3187.0 1395.0
562.0 -3182.0 1390.0
617.0 -3250.0 1337.0
607.0 -3202.0 1370.0
590.0 -3250.0 1390.0
622.0 -3250.0 1375.0
612.0 -3232.0 1365.0
607.0 -3202.0 1385.0
645.0 -3222.0 1422.0
627.0 -3227.0 1385.0
640.0 -3217.0 1395.0
627.0 -3217.0 1417.0
622.0 -3192.0 1395.0
640.0 -3250.0 1360.0
645.0 -3217.0 1390.0
667.0 -3240.0 1360.0
617.0 -3202.0 1355.0
695.0 -3197.0 1322.0
650.0 -3160.0 1360.0
602.0 -3222.0 1395.0
640.0 -3245.0 1395.0
622.0 -3160.0 1417.0
645.0 -3212.0 1417.0
635.0 -3227.0 1395.0
607.0 -3232.0 1417.0
635.0 -3312.0 1417.0
607.0 -3217.0 1402.0
645.0 -3285.0 1390.0
640.0 -3275.0 1390.0
640.0 -3260.0 1395.0
612.0 -3240.0 1422.0
650.0 -3217.0 1385.0
602.0 -3250.0 1370.0
602.0 -3187.0 1412.0
1085.0 -2962.0 1427.0
1075.0 -2915.0 1465.0
1112.0 -2910.0 1485.0
1095.0 -2915.0 1450.0
1165.0 -2915.0 1475.0
1160.0 -2897.0 1460.0
1095.0 -2935.0 1475.0
1140.0 -2920.0 1442.0
1160.0 -2935.0 1450.0
1145.0 -2892.0 1417.0
1140.0 -2882.0 1450.0
1150.0 -2910.0 1422.0
1112.0 -2905.0 1442.0
1122.0 -2920.0 1465.0
1165.0 -2892.0 1507.0
1177.0 -2915.0 1470.0
1165.0 -2905.0 1455.0
1140.0 -2882.0 1460.0
1145.0 -2950.0 1442.0
1177.0 -2882.0 1450.0
1172.0 -2887.0 1395.0
1160.0 -2920.0 1465.0
1192.0 -2882.0 1427.0
1145.0 -2862.0 1355.0
1172.0 -2840.0 1442.0
1182.0 -2905.0 1450.0
1165.0 -2940.0 1432.0
1160.0 -2935.0 1465.0
1165.0 -2892.0 1390.0
1122.0 -2967.0 1485.0
1140.0 -2930.0 1437.0
1127.0 -2920.0 1432.0
1095.0 -2910.0 1385.0
1132.0 -2915.0 1432.0
1140.0 -2955.0 1417.0
1187.0 -2950.0 1417.0
1155.0 -2872.0 1465.0
1150.0 -2905.0 1475.0
1145.0 -2887.0 1437.0
1080.0 -2940.0 1422.0
1075.0 -2887.0 1502.0
1122.0 -2905.0 1455.0
1165.0 -2962.0 1432.0
1127.0 -2905.0 1465.0
1127.0 -2882.0 1402.0
1127.0 -2867.0 1427.0
1192.0 -2945.0 1412.0
1165.0 -2872.0 1427.0
1117.0 -2892.0 1450.0
1132.0 -2910.0 1402.0
1415.0 -2407.0 1385.0
1437.0 -2355.0 1402.0
1512.0 -2285.0 1385.0
1475.0 -2260.0 1375.0
1540.0 -2240.0 1327.0
1480.0 -2285.0 1370.0
1480.0 -2270.0 1355.0
1512.0 -2307.0 1370.0
1422.0 -2155.0 1365.0
1442.0 -2165.0 1355.0
1465.0 -2135.0 1302.0
1427.0 -2170.0 1350.0
1455.0 -2182.0 1360.0
1460.0 -2160.0 1327.0
1442.0 -2192.0 1355.0
1455.0 -2125.0 1360.0
1447.0 -2155.0 1375.0
1432.0 -2140.0 1390.0
1447.0 -2145.0 1365.0
1442.0 -2170.0 1360.0
1372.0 -2145.0 1322.0
1502.0 -2117.0 1332.0
1432.0 -2140.0 1307.0
1432.0 -2170.0 1327.0
1422.0 -2160.0 1402.0
1455.0 -2160.0 1380.0
1422.0 -2155.0 1355.0
1470.0 -2155.0 1402.0
1460.0 -2160.0 1350.0
1432.0 -2160.0 1332.0
1345.0 -2192.0 1390.0
1362.0 -2165.0 1337.0
1422.0 -2135.0 1385.0
1437.0 -2125.0 1412.0
1432.0 -2155.0 1422.0
1455.0 -2125.0 1350.0
1405.0 -2135.0 1365.0
1367.0 -2145.0 1380.0
1427.0 -2160.0 1307.0
1432.0 -2107.0 1360.0
1470.0 -2045.0 1337.0
1447.0 -2077.0 1385.0
1415.0 -2097.0 1380.0
1475.0 -2067.0 1337.0
1437.0 -2102.0 1337.0
1447.0 -2097.0 1355.0
1455.0 -2112.0 1355.0
1432.0 -2112.0 1360.0
1427.0 -2097.0 1380.0
1415.0 -2112.0 1337.0
1335.0 -1585.0 1255.0
1350.0 -1580.0 1227.0
1395.0 -1642.0 1175.0
1362.0 -1605.0 1170.0
1362.0 -1575.0 1237.0
1355.0 -1552.0 1195.0
1330.0 -1585.0 1207.0
1367.0 -1627.0 1185.0
1340.0 -1575.0 1247.0
1345.0 -1570.0 1222.0
1362.0 -1610.0 1200.0
1372.0 -1610.0 1217.0
1330.0 -1565.0 1165.0
1275.0 -1480.0 1160.0
1242.0 -1427.0 1212.0
1215.0 -1412.0 1175.0
1290.0 -1460.0 1170.0
1247.0 -1447.0 1127.0
1285.0 -1495.0 1142.0
1297.0 -1432.0 1180.0
1220.0 -1437.0 1152.0
1232.0 -1447.0 1180.0
1237.0 -1442.0 1152.0
1210.0 -1427.0 1137.0
1237.0 -1470.0 1127.0
1257.0 -1397.0 1170.0
1290.0 -1422.0 1142.0
1247.0 -1447.0 1137.0
1247.0 -1432.0 1147.0
1257.0 -1407.0 1207.0
1242.0 -1480.0 1180.0
1210.0 -1437.0 1175.0
1237.0 -1455.0 1142.0
1237.0 -1465.0 1180.0
1252.0 -1427.0 1190.0
1220.0 -1417.0 1180.0
1215.0 -1432.0 1185.0
1270.0 -1465.0 1180.0
1290.0 -1465.0 1142.0
1280.0 -1437.0 1127.0
1270.0 -1427.0 1122.0
1285.0 -1412.0 1122.0
1247.0 -1470.0 1170.0
1280.0 -1422.0 1137.0
1270.0 -1460.0 1105.0
1265.0 -1455.0 1142.0
1270.0 -1447.0 1137.0
1232.0 -1427.0 1147.0
1247.0 -1480.0 1137.0
1270.0 -1500.0 1207.0
